683 10
682 14
681 16
680 17
679 19
678 21
677 21
676 24
675 27
674 31
673 37
672 40
671 43
670 47
669 56
668 61
667 70
666 76
665 80
664 85
663 91
662 100
661 106
660 116
659 124
658 133
657 145
656 158
655 168
654 176
653 187
652 196
651 214
650 228
649 245
648 255
647 267
646 279
645 299
644 322
643 340
642 358
641 379
640 411
639 438
638 466
637 498
636 528
635 552
634 580
633 606
632 640
631 669
630 710
629 746
628 795
627 835
626 878
625 919
624 966
623 1016
622 1057
621 1090
620 1150
619 1198
618 1256
617 1312
616 1373
615 1450
614 1520
613 1570
612 1640
611 1708
610 1789
609 1864
608 1935
607 2013
606 2086
605 2173
604 2269
603 2361
602 2464
601 2560
600 2652
599 2733
598 2846
597 2965
596 3095
595 3212
594 3349
593 3470
592 3597
591 3733
590 3866
589 3992
588 4129
587 4283
586 4441
585 4596
584 4771
583 4913
582 5080
581 5250
580 5410
579 5579
578 5761
577 5955
576 6154
575 6336
574 6553
573 6760
572 6981
571 7198
570 7421
569 7648
568 7870
567 8099
566 8340
565 8579
564 8845
563 9112
562 9389
561 9666
560 9960
559 10221
558 10500
557 10757
556 11068
555 11357
554 11651
553 11934
552 12262
551 12599
550 12922
549 13243
548 13611
547 13948
546 14281
545 14612
544 14964
543 15321
542 15659
541 16014
540 16390
539 16741
538 17134
537 17511
536 17915
535 18317
534 18688
533 19091
532 19466
531 19901
530 20319
529 20730
528 21139
527 21554
526 21970
525 22391
524 22846
523 23289
522 23740
521 24195
520 24672
519 25113
518 25640
517 26103
516 26567
515 27000
514 27453
513 27954
512 28440
511 28928
510 29433
509 29946
508 30483
507 31003
506 31548
505 32081
504 32647
503 33169
502 33693
501 34238
500 34780
499 35321
498 35905
497 36494
496 37060
495 37639
494 38182
493 38748
492 39371
491 39962
490 40585
489 41162
488 41753
487 42422
486 42975
485 43569
484 44203
483 44804
482 45400
481 46057
480 46670
479 47311
478 47960
477 48640
476 49249
475 49889
474 50530
473 51215
472 51909
471 52571
470 53249
469 53900
468 54576
467 55217
466 55956
465 56685
464 57389
463 58114
462 58838
461 59576
460 60313
459 61082
458 61753
457 62510
456 63240
455 64003
454 64733
453 65462
452 66243
451 67041
450 67753
449 68493
448 69283
447 70074
446 70884
445 71646
444 72403
443 73170
442 73976
441 74755
440 75554
439 76281
438 77068
437 77848
436 78679
435 79491
434 80296
433 81093
432 81867
431 82644
430 83476
429 84252
428 85028
427 85830
426 86622
425 87355
424 88163
423 88963
422 89734
421 90505
420 91251
419 91980
418 92719
417 93503